150.000 2.6000e+01
350.854 2.2551e+01
350.935 2.2205e+01
351.016 2.2199e+01
351.097 2.2123e+01
351.178 2.2327e+01
351.259 2.2254e+01
351.339 2.2053e+01
351.421 2.2431e+01
351.501 2.2034e+01
351.582 2.2902e+01
351.663 2.2709e+01
351.744 2.2985e+01
351.826 2.2637e+01
351.906 2.2720e+01
351.987 2.2917e+01
352.068 2.2540e+01
352.149 2.2385e+01
352.231 2.2686e+01
352.312 2.2891e+01
352.393 2.2620e+01
352.474 2.3684e+01
352.555 2.3030e+01
352.636 2.2836e+01
352.718 2.2353e+01
352.799 2.2222e+01
352.88 2.2367e+01
352.961 2.2226e+01
353.042 2.2831e+01
353.124 2.2468e+01
353.205 2.2485e+01
353.287 2.2370e+01
353.368 2.2608e+01
353.449 2.2681e+01
353.531 2.2264e+01
353.612 2.2274e+01
353.693 2.2431e+01
353.775 2.1967e+01
353.857 2.2472e+01
353.938 2.3434e+01
354.019 2.2650e+01
354.101 2.2127e+01
354.182 2.2297e+01
354.264 2.2403e+01
354.346 2.2889e+01
354.427 2.3358e+01
354.509 2.2340e+01
354.591 2.2271e+01
354.672 2.2485e+01
354.754 2.2576e+01
354.836 2.2677e+01
354.917 2.2374e+01
354.999 2.2412e+01
355.081 2.2063e+01
355.162 2.2255e+01
355.244 2.2328e+01
355.326 2.1847e+01
355.408 2.3875e+01
355.489 2.2181e+01
355.572 2.2342e+01
355.653 2.2527e+01
355.735 2.2222e+01
355.817 2.2297e+01
355.899 2.2308e+01
355.981 2.2184e+01
356.063 2.2194e+01
356.145 2.2227e+01
356.227 2.2618e+01
356.309 2.1916e+01
356.391 2.2265e+01
356.473 2.2650e+01
356.556 2.2411e+01
356.637 2.2683e+01
356.719 2.2869e+01
356.802 2.2534e+01
356.884 2.2582e+01
356.966 2.2579e+01
357.048 2.1997e+01
357.131 2.2764e+01
357.213 2.2497e+01
357.295 2.2541e+01
357.377 2.2657e+01
357.459 2.2507e+01
357.542 2.2455e+01
357.624 2.2412e+01
357.707 2.2348e+01
357.789 2.2634e+01
357.872 2.2580e+01
357.954 2.2296e+01
358.036 2.2649e+01
358.119 2.2069e+01
358.201 2.2183e+01
358.284 2.2462e+01
358.366 2.2313e+01
358.449 2.2418e+01
358.531 2.2728e+01
358.614 2.2359e+01
358.696 2.2592e+01
358.779 2.2628e+01
358.862 2.2350e+01
358.944 2.2648e+01
359.027 2.2628e+01
359.109 2.2670e+01
359.192 2.2550e+01
359.275 2.2425e+01
359.358 2.2703e+01
359.441 2.2295e+01
359.523 2.2281e+01
359.606 2.2030e+01
359.689 2.2172e+01
359.772 2.3308e+01
359.854 2.2836e+01
359.937 2.2127e+01
360.021 2.2043e+01
360.103 2.1984e+01
360.186 2.1917e+01
360.269 2.2458e+01
360.352 2.1994e+01
360.435 2.2088e+01
360.518 2.2151e+01
360.601 2.2935e+01
360.684 2.2493e+01
360.767 2.2250e+01
360.85 2.2271e+01
360.933 2.2123e+01
361.017 2.2348e+01
361.099 2.2581e+01
361.183 2.2429e+01
361.266 2.2641e+01
361.349 2.2149e+01
361.432 2.2573e+01
361.516 2.2655e+01
361.599 2.2519e+01
361.682 2.2586e+01
361.766 2.2508e+01
361.848 2.2572e+01
361.932 2.2050e+01
362.016 2.2459e+01
362.099 2.1820e+01
362.182 2.2252e+01
362.266 2.2247e+01
362.349 2.2253e+01
362.432 2.2281e+01
362.516 2.2157e+01
362.599 2.2274e+01
362.683 2.2331e+01
362.766 2.2217e+01
362.85 2.2445e+01
362.933 2.2301e+01
363.017 2.2300e+01
363.101 2.2379e+01
363.184 2.2406e+01
363.268 2.2406e+01
363.352 2.2173e+01
363.435 2.2144e+01
363.519 2.2832e+01
363.603 2.2745e+01
363.686 2.2585e+01
363.77 2.2412e+01
363.854 2.2494e+01
363.938 2.2212e+01
364.022 2.2279e+01
364.106 2.2425e+01
364.189 2.2604e+01
364.273 2.2639e+01
364.357 2.2192e+01
364.441 2.2397e+01
364.524 2.2438e+01
364.609 2.2392e+01
364.693 2.2388e+01
364.777 2.2305e+01
364.861 2.2280e+01
364.944 2.2455e+01
365.029 2.2543e+01
365.113 2.2391e+01
365.197 2.2397e+01
365.281 2.2368e+01
365.365 2.2093e+01
365.449 2.2489e+01
365.533 2.2565e+01
365.618 2.2175e+01
365.702 2.2230e+01
365.786 2.2452e+01
365.87 2.2580e+01
365.954 2.2721e+01
366.039 2.2686e+01
366.123 2.2475e+01
366.207 2.2260e+01
366.292 2.2608e+01
366.376 2.2420e+01
366.461 2.2355e+01
366.544 2.2499e+01
366.629 2.2719e+01
366.713 2.2603e+01
366.798 2.2112e+01
366.882 2.2149e+01
366.967 2.4098e+01
367.052 2.2371e+01
367.136 2.1899e+01
367.221 2.2876e+01
367.305 2.2587e+01
367.39 2.2695e+01
367.474 2.3096e+01
367.559 2.2861e+01
367.643 2.2556e+01
367.728 2.2506e+01
367.813 2.2690e+01
367.898 2.2512e+01
367.982 2.2164e+01
368.067 2.2241e+01
368.152 2.2686e+01
368.237 2.2466e+01
368.321 2.2296e+01
368.406 2.2502e+01
368.491 2.2595e+01
368.576 2.2340e+01
368.661 2.2326e+01
368.746 2.2430e+01
368.831 2.2066e+01
368.916 2.2021e+01
369.001 2.2195e+01
369.086 2.2562e+01
369.171 2.2156e+01
369.256 2.2097e+01
369.341 2.2271e+01
369.426 2.2167e+01
369.511 2.2173e+01
369.596 2.2035e+01
369.681 2.2579e+01
369.766 2.2447e+01
369.851 2.2367e+01
369.936 2.2484e+01
370.022 2.2188e+01
370.107 2.2149e+01
370.192 2.2176e+01
370.277 2.2176e+01
370.363 2.2389e+01
370.448 2.2206e+01
370.533 2.2250e+01
370.618 2.2055e+01
370.704 2.2330e+01
370.789 2.2252e+01
370.874 2.2291e+01
370.96 2.2191e+01
371.046 2.2124e+01
371.131 2.2407e+01
371.216 2.2519e+01
371.302 2.1980e+01
371.387 2.2135e+01
371.473 2.2314e+01
371.558 2.2331e+01
371.644 2.2260e+01
371.729 2.2160e+01
371.815 2.2374e+01
371.901 2.2385e+01
371.986 2.2339e+01
372.072 2.2498e+01
372.158 2.2587e+01
372.243 2.2799e+01
372.329 2.2216e+01
372.415 2.1902e+01
372.501 2.1607e+01
372.587 2.1030e+01
372.672 2.0638e+01
372.758 2.0488e+01
372.844 2.0416e+01
372.93 2.0390e+01
373.016 2.0500e+01
373.102 2.0839e+01
373.187 2.1717e+01
373.273 2.1928e+01
373.359 2.2761e+01
373.445 2.2407e+01
373.531 2.2504e+01
373.617 2.2217e+01
373.703 2.1971e+01
373.789 2.2074e+01
373.876 2.2154e+01
373.962 2.1926e+01
374.048 2.1840e+01
374.134 2.2122e+01
374.22 2.1893e+01
374.306 2.2204e+01
374.392 2.2128e+01
374.478 2.2283e+01
374.565 2.2515e+01
374.651 2.2171e+01
374.737 2.1869e+01
374.823 2.2030e+01
374.91 2.2402e+01
374.996 2.2264e+01
375.083 2.2513e+01
375.169 2.2621e+01
375.256 2.2136e+01
375.342 2.2407e+01
375.428 2.2072e+01
375.515 2.1946e+01
375.601 2.2028e+01
375.688 2.1938e+01
375.774 2.1939e+01
375.861 2.1984e+01
375.947 2.1914e+01
376.034 2.2111e+01
376.121 2.2057e+01
376.207 2.1881e+01
376.294 2.2114e+01
376.381 2.2120e+01
376.467 2.2310e+01
376.554 2.2325e+01
376.641 2.1900e+01
376.727 2.1905e+01
376.814 2.2254e+01
376.901 2.2217e+01
376.988 2.2322e+01
377.074 2.2053e+01
377.161 2.2161e+01
377.248 2.2418e+01
377.335 2.2127e+01
377.422 2.2051e+01
377.509 2.2169e+01
377.596 2.2104e+01
377.683 2.2097e+01
377.769 2.1990e+01
377.857 2.2217e+01
377.944 2.2084e+01
378.031 2.1740e+01
378.118 2.1695e+01
378.205 2.1707e+01
378.292 2.1769e+01
378.379 2.1778e+01
378.466 2.1735e+01
378.553 2.1720e+01
378.641 2.1781e+01
378.728 2.2047e+01
378.815 2.1976e+01
378.902 2.2224e+01
378.989 2.1939e+01
379.077 2.1838e+01
379.164 2.1971e+01
379.251 2.2008e+01
379.339 2.1937e+01
379.426 2.2025e+01
379.513 2.2325e+01
379.601 2.2513e+01
379.688 2.2376e+01
379.776 2.2181e+01
379.863 2.2154e+01
379.951 2.1920e+01
380.038 2.2223e+01
380.126 2.2002e+01
380.213 2.2196e+01
380.301 2.2072e+01
380.388 2.1814e+01
380.476 2.2161e+01
380.563 2.2188e+01
380.651 2.2175e+01
380.738 2.1793e+01
380.826 2.1784e+01
380.914 2.1917e+01
381.002 2.1834e+01
381.089 2.1628e+01
381.177 2.1683e+01
381.265 2.1703e+01
381.353 2.1721e+01
381.441 2.1957e+01
381.528 2.1861e+01
381.617 2.1636e+01
381.704 2.1791e+01
381.792 2.2092e+01
381.88 2.1864e+01
381.968 2.1930e+01
382.056 2.1804e+01
382.144 2.2025e+01
382.232 2.2056e+01
382.32 2.1837e+01
382.408 2.1908e+01
382.496 2.1883e+01
382.584 2.1689e+01
382.672 2.1623e+01
382.761 2.2152e+01
382.848 2.1812e+01
382.937 2.2101e+01
383.025 2.2015e+01
383.113 2.2131e+01
383.201 2.2216e+01
383.289 2.2295e+01
383.378 2.2573e+01
383.466 2.2329e+01
383.554 2.2217e+01
383.643 2.2008e+01
383.731 2.2264e+01
383.819 2.2317e+01
383.908 2.2206e+01
383.996 2.2308e+01
384.085 2.2418e+01
384.173 2.2085e+01
384.262 2.1713e+01
384.35 2.1704e+01
384.439 2.1918e+01
384.527 2.1876e+01
384.616 2.1897e+01
384.704 2.2005e+01
384.793 2.1844e+01
384.882 2.1936e+01
384.97 2.1917e+01
385.059 2.1763e+01
385.147 2.1580e+01
385.236 2.1764e+01
385.325 2.2004e+01
385.413 2.1721e+01
385.502 2.1694e+01
385.591 2.1845e+01
385.68 2.1793e+01
385.769 2.1754e+01
385.857 2.1985e+01
385.947 2.1660e+01
386.035 2.1599e+01
386.124 2.1493e+01
386.213 2.1617e+01
386.302 2.1838e+01
386.391 2.1723e+01
386.48 2.1664e+01
386.569 2.1614e+01
386.658 2.1781e+01
386.747 2.1653e+01
386.836 2.1761e+01
386.925 2.1758e+01
387.014 2.1699e+01
387.103 2.1616e+01
387.193 2.1786e+01
387.282 2.1833e+01
387.371 2.1610e+01
387.46 2.1660e+01
387.549 2.1903e+01
387.638 2.1831e+01
387.728 2.1648e+01
387.817 2.1682e+01
387.907 2.1805e+01
387.996 2.1967e+01
388.085 2.1618e+01
388.174 2.1790e+01
388.264 2.1888e+01
388.353 2.1776e+01
388.443 2.1796e+01
388.532 2.1676e+01
388.622 2.1883e+01
388.711 2.1855e+01
388.801 2.2485e+01
388.89 2.2140e+01
388.979 2.1904e+01
389.069 2.2027e+01
389.159 2.1945e+01
389.249 2.1942e+01
389.338 2.1834e+01
389.428 2.1825e+01
389.518 2.2113e+01
389.607 2.2017e+01
389.697 2.1828e+01
389.787 2.1702e+01
389.877 2.1493e+01
389.966 2.1939e+01
390.056 2.1754e+01
390.146 2.1598e+01
390.236 2.1605e+01
390.326 2.1693e+01
390.416 2.1737e+01
390.506 2.1789e+01
390.595 2.1823e+01
390.686 2.1657e+01
390.775 2.1674e+01
390.865 2.1794e+01
390.955 2.1698e+01
391.045 2.1563e+01
391.136 2.1760e+01
391.226 2.1590e+01
391.316 2.1437e+01
391.406 2.1610e+01
391.496 2.1647e+01
391.586 2.1679e+01
391.676 2.1847e+01
391.766 2.1557e+01
391.857 2.1653e+01
391.947 2.1559e+01
392.037 2.1604e+01
392.127 2.1926e+01
392.218 2.1954e+01
392.308 2.1919e+01
392.398 2.1626e+01
392.488 2.1609e+01
392.579 2.1491e+01
392.669 2.1569e+01
392.76 2.1931e+01
392.85 2.1591e+01
392.941 2.1689e+01
393.031 2.1707e+01
393.122 2.1748e+01
393.212 2.2060e+01
393.303 2.2086e+01
393.393 2.1857e+01
393.484 2.2118e+01
393.574 2.2283e+01
393.665 2.1920e+01
393.756 2.1769e+01
393.847 2.1938e+01
393.937 2.1810e+01
394.028 2.1556e+01
394.119 2.1819e+01
394.209 2.1704e+01
394.3 2.1606e+01
394.391 2.1698e+01
394.482 2.1659e+01
394.573 2.1557e+01
394.664 2.1614e+01
394.754 2.1618e+01
394.845 2.1551e+01
394.936 2.1570e+01
395.027 2.1625e+01
395.118 2.1765e+01
395.209 2.1704e+01
395.3 2.1592e+01
395.391 2.1708e+01
395.482 2.1644e+01
395.573 2.1793e+01
395.664 2.1623e+01
395.756 2.1462e+01
395.847 2.1796e+01
395.938 2.1919e+01
396.029 2.1697e+01
396.12 2.1802e+01
396.212 2.1735e+01
396.303 2.1700e+01
396.394 2.1835e+01
396.485 2.2192e+01
396.577 2.1951e+01
396.668 2.2103e+01
396.759 2.2165e+01
396.851 2.2234e+01
396.942 2.2011e+01
397.033 2.1881e+01
397.124 2.1840e+01
397.216 2.1874e+01
397.308 2.2085e+01
397.399 2.2064e+01
397.491 2.2297e+01
397.582 2.2099e+01
397.674 2.1988e+01
397.766 2.1666e+01
397.857 2.1657e+01
397.948 2.1959e+01
398.04 2.1821e+01
398.132 2.1787e+01
398.223 2.1753e+01
398.316 2.1620e+01
398.407 2.1702e+01
398.499 2.1836e+01
398.591 2.1835e+01
398.682 2.1707e+01
398.774 2.1527e+01
398.866 2.1585e+01
398.958 2.1474e+01
399.049 2.1555e+01
399.142 2.1567e+01
399.233 2.1538e+01
399.326 2.1416e+01
399.417 2.1474e+01
399.509 2.1706e+01
399.602 2.1637e+01
399.693 2.1513e+01
399.786 2.1553e+01
399.878 2.1686e+01
399.969 2.1683e+01
400.062 2.1516e+01
400.154 2.1655e+01
400.246 2.1627e+01
400.338 2.1572e+01
400.431 2.1487e+01
400.523 2.1602e+01
400.615 2.1658e+01
400.707 2.1609e+01
400.799 2.1621e+01
400.892 2.1410e+01
400.984 2.1560e+01
401.077 2.1765e+01
401.168 2.1500e+01
401.261 2.1565e+01
401.353 2.1553e+01
401.446 2.1588e+01
401.538 2.1659e+01
401.631 2.1576e+01
401.723 2.1607e+01
401.816 2.1456e+01
401.908 2.1249e+01
402.001 2.1368e+01
402.093 2.1618e+01
402.186 2.1694e+01
402.279 2.1509e+01
402.371 2.1544e+01
402.464 2.1637e+01
402.557 2.1458e+01
402.649 2.1490e+01
402.742 2.1572e+01
402.835 2.1612e+01
402.928 2.1532e+01
403.021 2.1416e+01
403.113 2.1478e+01
403.206 2.1566e+01
403.299 2.1511e+01
403.392 2.1777e+01
403.484 2.1554e+01
403.577 2.1594e+01
403.671 2.1556e+01
403.763 2.1446e+01
403.857 2.1466e+01
403.949 2.1531e+01
404.042 2.1604e+01
404.136 2.1666e+01
404.228 2.1603e+01
404.322 2.1501e+01
404.414 2.1481e+01
404.508 2.1582e+01
404.601 2.1642e+01
404.694 2.1428e+01
404.787 2.1670e+01
404.881 2.1632e+01
404.974 2.1498e+01
405.067 2.1553e+01
405.161 2.1493e+01
405.254 2.1488e+01
405.347 2.1608e+01
405.441 2.1407e+01
405.534 2.1301e+01
405.627 2.1575e+01
405.721 2.1804e+01
405.814 2.1723e+01
405.907 2.1531e+01
406.001 2.1455e+01
406.094 2.1584e+01
406.188 2.1734e+01
406.282 2.1600e+01
406.375 2.1698e+01
406.469 2.1591e+01
406.562 2.1528e+01
406.656 2.1581e+01
406.749 2.1489e+01
406.843 2.1476e+01
406.937 2.1622e+01
407.031 2.1627e+01
407.124 2.1549e+01
407.218 2.1545e+01
407.312 2.1588e+01
407.406 2.1593e+01
407.499 2.1749e+01
407.593 2.1430e+01
407.687 2.1507e+01
407.781 2.1672e+01
407.875 2.1531e+01
407.969 2.1529e+01
408.063 2.1626e+01
408.157 2.1548e+01
408.251 2.1599e+01
408.344 2.1769e+01
408.439 2.1594e+01
408.533 2.1623e+01
408.627 2.1775e+01
408.721 2.1668e+01
408.815 2.1660e+01
408.909 2.1761e+01
409.003 2.1633e+01
409.098 2.1609e+01
409.192 2.1540e+01
409.286 2.1608e+01
409.381 2.1653e+01
409.474 2.1655e+01
409.569 2.1733e+01
409.663 2.1742e+01
409.758 2.1698e+01
409.852 2.1868e+01
409.947 2.2053e+01
410.041 2.2040e+01
410.135 2.1670e+01
410.229 2.1621e+01
410.324 2.1420e+01
410.418 2.1596e+01
410.513 2.1738e+01
410.608 2.1888e+01
410.702 2.1917e+01
410.797 2.1875e+01
410.891 2.1775e+01
410.986 2.1772e+01
411.081 2.1879e+01
411.175 2.1723e+01
411.27 2.1637e+01
411.364 2.1710e+01
411.459 2.1761e+01
411.554 2.1498e+01
411.649 2.1677e+01
411.744 2.1585e+01
411.838 2.1535e+01
411.933 2.1769e+01
412.028 2.1742e+01
412.123 2.1610e+01
412.218 2.1610e+01
412.313 2.1611e+01
412.408 2.1438e+01
412.503 2.1416e+01
412.598 2.1687e+01
412.693 2.1369e+01
412.788 2.1700e+01
412.883 2.1606e+01
412.978 2.1386e+01
413.073 2.1831e+01
413.168 2.1448e+01
413.263 2.1394e+01
413.358 2.1515e+01
413.454 2.1629e+01
413.549 2.1568e+01
413.644 2.1465e+01
413.739 2.1410e+01
413.834 2.1410e+01
413.93 2.1534e+01
414.026 2.1591e+01
414.121 2.1500e+01
414.216 2.1654e+01
414.311 2.1552e+01
414.407 2.1687e+01
414.502 2.1696e+01
414.598 2.1544e+01
414.693 2.1579e+01
414.789 2.1489e+01
414.884 2.1462e+01
414.98 2.1446e+01
415.076 2.1464e+01
415.171 2.1531e+01
415.267 2.1540e+01
415.362 2.1468e+01
415.458 2.1426e+01
415.553 2.1561e+01
415.649 2.1665e+01
415.745 2.1467e+01
415.841 2.1691e+01
415.937 2.1610e+01
416.032 2.1471e+01
416.128 2.1479e+01
416.224 2.1567e+01
416.319 2.1673e+01
416.416 2.1552e+01
416.512 2.1431e+01
416.607 2.1478e+01
416.703 2.1629e+01
416.799 2.1507e+01
416.896 2.1249e+01
416.991 2.1398e+01
417.087 2.1524e+01
417.183 2.1446e+01
417.279 2.1672e+01
417.376 2.1615e+01
417.472 2.1588e+01
417.568 2.1340e+01
417.664 2.1430e+01
417.76 2.1503e+01
417.856 2.1530e+01
417.953 2.1470e+01
418.049 2.1399e+01
418.145 2.1587e+01
418.241 2.1581e+01
418.338 2.1347e+01
418.434 2.1485e+01
418.531 2.1402e+01
418.627 2.1400e+01
418.723 2.1403e+01
418.819 2.1539e+01
418.916 2.1432e+01
419.012 2.1567e+01
419.109 2.1502e+01
419.206 2.1575e+01
419.302 2.1392e+01
419.398 2.1516e+01
419.496 2.1512e+01
419.592 2.1502e+01
419.688 2.1592e+01
419.785 2.1525e+01
419.882 2.1464e+01
419.978 2.1556e+01
420.075 2.1609e+01
420.172 2.1502e+01
420.268 2.1406e+01
420.366 2.1543e+01
420.462 2.1543e+01
420.559 2.1455e+01
420.656 2.1575e+01
420.753 2.1313e+01
420.85 2.1514e+01
420.947 2.1616e+01
421.044 2.1422e+01
421.141 2.1308e+01
421.237 2.1374e+01
421.334 2.1531e+01
421.432 2.1615e+01
421.529 2.1659e+01
421.626 2.1655e+01
421.723 2.1444e+01
421.82 2.1548e+01
421.917 2.1397e+01
422.014 2.1371e+01
422.111 2.1350e+01
422.208 2.1480e+01
422.306 2.1510e+01
422.403 2.1533e+01
422.501 2.1557e+01
422.597 2.1430e+01
422.695 2.1635e+01
422.792 2.1617e+01
422.889 2.1390e+01
422.987 2.1309e+01
423.084 2.1298e+01
423.182 2.1420e+01
423.279 2.1633e+01
423.377 2.1512e+01
423.474 2.1358e+01
423.572 2.1522e+01
423.669 2.1509e+01
423.767 2.1435e+01
423.864 2.1493e+01
423.962 2.1706e+01
424.06 2.1401e+01
424.157 2.1496e+01
424.255 2.1422e+01
424.353 2.1419e+01
424.451 2.1415e+01
424.548 2.1505e+01
424.646 2.1526e+01
424.744 2.1375e+01
424.842 2.1435e+01
424.939 2.1646e+01
425.037 2.1580e+01
425.135 2.1520e+01
425.233 2.1481e+01
425.331 2.1488e+01
425.429 2.1548e+01
425.527 2.1481e+01
425.625 2.1452e+01
425.723 2.1492e+01
425.821 2.1579e+01
425.919 2.1580e+01
426.017 2.1386e+01
426.115 2.1577e+01
426.213 2.1582e+01
426.312 2.1491e+01
426.409 2.1464e+01
426.508 2.1550e+01
426.606 2.1596e+01
426.704 2.1365e+01
426.803 2.1408e+01
426.901 2.1591e+01
426.999 2.1456e+01
427.097 2.1388e+01
427.196 2.1448e+01
427.294 2.1646e+01
427.392 2.1638e+01
427.491 2.1651e+01
427.589 2.1547e+01
427.688 2.1525e+01
427.786 2.1470e+01
427.885 2.1415e+01
427.983 2.1346e+01
428.082 2.1382e+01
428.181 2.1435e+01
428.279 2.1510e+01
428.378 2.1541e+01
428.477 2.1502e+01
428.575 2.1568e+01
428.674 2.1445e+01
428.773 2.1336e+01
428.871 2.1632e+01
428.97 2.1670e+01
429.069 2.1519e+01
429.168 2.1690e+01
429.267 2.1374e+01
429.366 2.1428e+01
429.464 2.1376e+01
429.563 2.1406e+01
429.662 2.1549e+01
429.761 2.1545e+01
429.86 2.1665e+01
429.959 2.1588e+01
430.058 2.1553e+01
430.157 2.1596e+01
430.256 2.1513e+01
430.355 2.1430e+01
430.454 2.1482e+01
430.553 2.1608e+01
430.653 2.1439e+01
430.752 2.1520e+01
430.851 2.1790e+01
430.95 2.1673e+01
431.049 2.1604e+01
431.149 2.1478e+01
431.248 2.1520e+01
431.347 2.1645e+01
431.447 2.1627e+01
431.546 2.1469e+01
431.645 2.1531e+01
431.744 2.1448e+01
431.844 2.1462e+01
431.943 2.1418e+01
432.043 2.1581e+01
432.142 2.1573e+01
432.242 2.1457e+01
432.342 2.1539e+01
432.441 2.1484e+01
432.541 2.1627e+01
432.64 2.1593e+01
432.74 2.1557e+01
432.839 2.1553e+01
432.939 2.1542e+01
433.039 2.1514e+01
433.138 2.1613e+01
433.238 2.1780e+01
433.338 2.1850e+01
433.438 2.1668e+01
433.538 2.1597e+01
433.638 2.1742e+01
433.738 2.1894e+01
433.837 2.2006e+01
433.937 2.1752e+01
434.037 2.1255e+01
434.137 2.1051e+01
434.237 2.1132e+01
434.337 2.1399e+01
434.437 2.1745e+01
434.537 2.1802e+01
434.637 2.1706e+01
434.737 2.1680e+01
434.838 2.1696e+01
434.938 2.1683e+01
435.038 2.1749e+01
435.138 2.1438e+01
435.238 2.1549e+01
435.338 2.1797e+01
435.438 2.1657e+01
435.539 2.1353e+01
435.639 2.1505e+01
435.739 2.1447e+01
435.84 2.1548e+01
435.941 2.1530e+01
436.041 2.1473e+01
436.141 2.1392e+01
436.242 2.1364e+01
436.342 2.1580e+01
436.443 2.1536e+01
436.543 2.1285e+01
436.643 2.1414e+01
436.744 2.1548e+01
436.844 2.1505e+01
436.945 2.1480e+01
437.046 2.1540e+01
437.147 2.1405e+01
437.247 2.1216e+01
437.348 2.1441e+01
437.448 2.1454e+01
437.549 2.1324e+01
437.65 2.1411e+01
437.751 2.1460e+01
437.852 2.1374e+01
437.952 2.1682e+01
438.053 2.1517e+01
438.154 2.1422e+01
438.255 2.1482e+01
438.356 2.1494e+01
438.457 2.1455e+01
438.558 2.1615e+01
438.659 2.1535e+01
438.76 2.1435e+01
438.861 2.1497e+01
438.962 2.1327e+01
439.063 2.1365e+01
439.164 2.1494e+01
439.266 2.1385e+01
439.367 2.1485e+01
439.468 2.1312e+01
439.569 2.1323e+01
439.67 2.1413e+01
439.772 2.1437e+01
439.873 2.1361e+01
439.974 2.1366e+01
440.075 2.1419e+01
440.177 2.1341e+01
440.278 2.1458e+01
440.379 2.1569e+01
440.481 2.1540e+01
440.582 2.1397e+01
440.684 2.1307e+01
440.785 2.1308e+01
440.887 2.1367e+01
440.988 2.1444e+01
441.089 2.1430e+01
441.191 2.1323e+01
441.293 2.1328e+01
441.394 2.1412e+01
441.496 2.1387e+01
441.598 2.1378e+01
441.699 2.1441e+01
441.801 2.1509e+01
441.903 2.1429e+01
442.005 2.1172e+01
442.107 2.1448e+01
442.208 2.1555e+01
442.311 2.1324e+01
442.412 2.1543e+01
442.514 2.1366e+01
442.616 2.1377e+01
442.718 2.1480e+01
442.82 2.1289e+01
442.922 2.1327e+01
443.024 2.1482e+01
443.126 2.1439e+01
443.228 2.1544e+01
443.33 2.1335e+01
443.432 2.1304e+01
443.534 2.1504e+01
443.636 2.1626e+01
443.738 2.1521e+01
443.841 2.1429e+01
443.943 2.1338e+01
444.045 2.1314e+01
444.147 2.1442e+01
444.249 2.1397e+01
444.352 2.1456e+01
444.454 2.1531e+01
444.557 2.1454e+01
444.659 2.1441e+01
444.761 2.1206e+01
444.864 2.1464e+01
444.966 2.1237e+01
445.068 2.1318e+01
445.171 2.1402e+01
445.274 2.1329e+01
445.376 2.1268e+01
445.479 2.1566e+01
445.581 2.1407e+01
445.684 2.1539e+01
445.787 2.1376e+01
445.889 2.1457e+01
445.992 2.1541e+01
446.094 2.1407e+01
446.197 2.1485e+01
446.3 2.1394e+01
446.403 2.1432e+01
446.506 2.1493e+01
446.609 2.1357e+01
446.711 2.1430e+01
446.814 2.1553e+01
446.917 2.1478e+01
447.02 2.1519e+01
447.123 2.1494e+01
447.226 2.1321e+01
447.329 2.1357e+01
447.432 2.1404e+01
447.535 2.1317e+01
447.638 2.1305e+01
447.741 2.1353e+01
447.844 2.1396e+01
447.947 2.1280e+01
448.051 2.1455e+01
448.154 2.1452e+01
448.257 2.1383e+01
448.36 2.1360e+01
448.463 2.1526e+01
448.567 2.1421e+01
448.67 2.1168e+01
448.773 2.1282e+01
448.877 2.1292e+01
448.98 2.1374e+01
449.083 2.1515e+01
449.187 2.1356e+01
449.29 2.1398e+01
449.394 2.1353e+01
449.497 2.1322e+01
449.601 2.1486e+01
449.704 2.1402e+01
449.808 2.1237e+01
449.911 2.1260e+01
450.015 2.1309e+01
450.118 2.1336e+01
450.222 2.1268e+01
450.326 2.1239e+01
450.43 2.1391e+01
450.533 2.1309e+01
450.637 2.1299e+01
450.741 2.1400e+01
450.844 2.1327e+01
450.948 2.1257e+01
451.052 2.1218e+01
451.156 2.1208e+01
451.26 2.1362e+01
451.364 2.1217e+01
451.468 2.1423e+01
451.572 2.1331e+01
451.676 2.1317e+01
451.78 2.1350e+01
451.884 2.1365e+01
451.988 2.1369e+01
452.092 2.1370e+01
452.196 2.1341e+01
452.301 2.1418e+01
452.404 2.1303e+01
452.509 2.1464e+01
452.613 2.1395e+01
452.717 2.1346e+01
452.822 2.1418e+01
452.926 2.1460e+01
453.03 2.1377e+01
453.134 2.1448e+01
453.239 2.1373e+01
453.343 2.1275e+01
453.447 2.1355e+01
453.552 2.1454e+01
453.656 2.1342e+01
453.761 2.1283e+01
453.866 2.1316e+01
453.97 2.1228e+01
454.074 2.1377e+01
454.179 2.1347e+01
454.284 2.1452e+01
454.388 2.1405e+01
454.493 2.1363e+01
454.598 2.1403e+01
454.702 2.1272e+01
454.807 2.1248e+01
454.912 2.1415e+01
455.017 2.1452e+01
455.121 2.1321e+01
455.226 2.1377e+01
455.331 2.1323e+01
455.436 2.1371e+01
455.541 2.1432e+01
455.646 2.1478e+01
455.751 2.1271e+01
455.855 2.1281e+01
455.96 2.1354e+01
456.066 2.1402e+01
456.17 2.1344e+01
456.276 2.1272e+01
456.381 2.1302e+01
456.486 2.1333e+01
456.591 2.1323e+01
456.696 2.1299e+01
456.801 2.1269e+01
456.906 2.1274e+01
457.012 2.1323e+01
457.117 2.1285e+01
457.222 2.1449e+01
457.327 2.1467e+01
457.432 2.1284e+01
457.538 2.1222e+01
457.643 2.1229e+01
457.749 2.1318e+01
457.854 2.1311e+01
457.959 2.1300e+01
458.065 2.1428e+01
458.17 2.1444e+01
458.276 2.1432e+01
458.381 2.1397e+01
458.487 2.1442e+01
458.592 2.1238e+01
458.698 2.1285e+01
458.804 2.1455e+01
458.909 2.1387e+01
459.015 2.1334e+01
459.121 2.1277e+01
459.227 2.1443e+01
459.332 2.1391e+01
459.438 2.1440e+01
459.544 2.1337e+01
459.649 2.1297e+01
459.756 2.1330e+01
459.861 2.1305e+01
459.967 2.1302e+01
460.073 2.1375e+01
460.179 2.1429e+01
460.285 2.1348e+01
460.391 2.1305e+01
460.497 2.1360e+01
460.603 2.1278e+01
460.709 2.1427e+01
460.816 2.1262e+01
460.922 2.1260e+01
461.028 2.1249e+01
461.134 2.1318e+01
461.24 2.1283e+01
461.346 2.1363e+01
461.453 2.1353e+01
461.559 2.1546e+01
461.665 2.1245e+01
461.771 2.1234e+01
461.878 2.1380e+01
461.984 2.1409e+01
462.091 2.1395e+01
462.197 2.1326e+01
462.303 2.1554e+01
462.41 2.1334e+01
462.516 2.1214e+01
462.623 2.1320e+01
462.729 2.1309e+01
462.836 2.1266e+01
462.942 2.1254e+01
463.049 2.1317e+01
463.156 2.1320e+01
463.262 2.1364e+01
463.369 2.1312e+01
463.476 2.1278e+01
463.582 2.1263e+01
463.689 2.1273e+01
463.796 2.1320e+01
463.903 2.1228e+01
464.009 2.1284e+01
464.117 2.1288e+01
464.223 2.1386e+01
464.33 2.1323e+01
464.437 2.1337e+01
464.544 2.1343e+01
464.651 2.1260e+01
464.758 2.1308e+01
464.865 2.1416e+01
464.972 2.1381e+01
465.079 2.1501e+01
465.187 2.1315e+01
465.293 2.1332e+01
465.401 2.1266e+01
465.508 2.1414e+01
465.615 2.1368e+01
465.722 2.1375e+01
465.829 2.1358e+01
465.937 2.1413e+01
466.044 2.1314e+01
466.152 2.1275e+01
466.259 2.1310e+01
466.366 2.1247e+01
466.473 2.1328e+01
466.581 2.1388e+01
466.688 2.1312e+01
466.796 2.1374e+01
466.903 2.1331e+01
467.011 2.1366e+01
467.118 2.1386e+01
467.226 2.1414e+01
467.333 2.1307e+01
467.441 2.1276e+01
467.549 2.1385e+01
467.657 2.1233e+01
467.764 2.1336e+01
467.872 2.1445e+01
467.979 2.1365e+01
468.087 2.1322e+01
468.195 2.1268e+01
468.303 2.1245e+01
468.411 2.1211e+01
468.519 2.1278e+01
468.627 2.1394e+01
468.734 2.1370e+01
468.843 2.1314e+01
468.951 2.1309e+01
469.058 2.1394e+01
469.167 2.1399e+01
469.274 2.1287e+01
469.383 2.1274e+01
469.491 2.1200e+01
469.599 2.1364e+01
469.707 2.1325e+01
469.815 2.1368e+01
469.923 2.1226e+01
470.032 2.1357e+01
470.14 2.1231e+01
470.248 2.1246e+01
470.357 2.1250e+01
470.464 2.1272e+01
470.573 2.1472e+01
470.682 2.1429e+01
470.789 2.1266e+01
470.898 2.1261e+01
471.007 2.1353e+01
471.115 2.1400e+01
471.223 2.1354e+01
471.332 2.1304e+01
471.441 2.1306e+01
471.549 2.1272e+01
471.658 2.1366e+01
471.766 2.1240e+01
471.875 2.1347e+01
471.984 2.1322e+01
472.092 2.1254e+01
472.201 2.1312e+01
472.31 2.1276e+01
472.419 2.1278e+01
472.527 2.1427e+01
472.636 2.1281e+01
472.745 2.1267e+01
472.854 2.1326e+01
472.963 2.1419e+01
473.072 2.1266e+01
473.181 2.1343e+01
473.289 2.1403e+01
473.399 2.1374e+01
473.508 2.1368e+01
473.617 2.1348e+01
473.726 2.1377e+01
473.835 2.1285e+01
473.944 2.1335e+01
474.053 2.1403e+01
474.162 2.1429e+01
474.272 2.1275e+01
474.381 2.1245e+01
474.49 2.1287e+01
474.599 2.1321e+01
474.708 2.1216e+01
474.818 2.1194e+01
474.927 2.1288e+01
475.037 2.1429e+01
475.146 2.1305e+01
475.256 2.1298e+01
475.364 2.1310e+01
475.474 2.1267e+01
475.584 2.1353e+01
475.693 2.1433e+01
475.803 2.1517e+01
475.912 2.1279e+01
476.022 2.1141e+01
476.132 2.1252e+01
476.241 2.1418e+01
476.351 2.1372e+01
476.461 2.1213e+01
476.571 2.1271e+01
476.68 2.1257e+01
476.79 2.1337e+01
476.899 2.1276e+01
477.009 2.1209e+01
477.119 2.1337e+01
477.229 2.1442e+01
477.339 2.1342e+01
477.449 2.1352e+01
477.559 2.1315e+01
477.669 2.1289e+01
477.779 2.1304e+01
477.889 2.1319e+01
477.999 2.1295e+01
478.109 2.1281e+01
478.219 2.1256e+01
478.329 2.1338e+01
478.439 2.1404e+01
478.549 2.1338e+01
478.66 2.1399e+01
478.77 2.1423e+01
478.881 2.1316e+01
478.991 2.1392e+01
479.101 2.1298e+01
479.211 2.1341e+01
479.322 2.1269e+01
479.432 2.1250e+01
479.542 2.1262e+01
479.653 2.1295e+01
479.763 2.1222e+01
479.874 2.1230e+01
479.984 2.1387e+01
480.095 2.1325e+01
480.206 2.1460e+01
480.316 2.1404e+01
480.427 2.1276e+01
480.537 2.1201e+01
480.648 2.1232e+01
480.758 2.1319e+01
480.869 2.1280e+01
480.98 2.1266e+01
481.091 2.1417e+01
481.202 2.1402e+01
481.312 2.1258e+01
481.423 2.1160e+01
481.534 2.1291e+01
481.645 2.1424e+01
481.756 2.1230e+01
481.867 2.1224e+01
481.978 2.1200e+01
482.089 2.1365e+01
482.2 2.1303e+01
482.311 2.1309e+01
482.422 2.1374e+01
482.533 2.1307e+01
482.644 2.1317e+01
482.755 2.1262e+01
482.867 2.1368e+01
482.978 2.1375e+01
483.089 2.1226e+01
483.2 2.1366e+01
483.311 2.1469e+01
483.423 2.1399e+01
483.534 2.1311e+01
483.646 2.1252e+01
483.757 2.1333e+01
483.868 2.1235e+01
483.979 2.1383e+01
484.091 2.1285e+01
484.203 2.1386e+01
484.314 2.1295e+01
484.426 2.1418e+01
484.537 2.1267e+01
484.648 2.1338e+01
484.761 2.1256e+01
484.872 2.1280e+01
484.983 2.1461e+01
485.095 2.1409e+01
485.207 2.1599e+01
485.319 2.1385e+01
485.431 2.1566e+01
485.542 2.1505e+01
485.654 2.1570e+01
485.766 2.1526e+01
485.878 2.1374e+01
485.989 2.1242e+01
486.102 2.0558e+01
486.214 2.0198e+01
486.326 2.0326e+01
486.437 2.0723e+01
486.549 2.1207e+01
486.662 2.1336e+01
486.774 2.1448e+01
486.886 2.1346e+01
486.998 2.1521e+01
487.11 2.1379e+01
487.222 2.1552e+01
487.334 2.1283e+01
487.447 2.1379e+01
487.559 2.1395e+01
487.671 2.1307e+01
487.783 2.1458e+01
487.896 2.1387e+01
488.008 2.1416e+01
488.121 2.1283e+01
488.233 2.1306e+01
488.346 2.1381e+01
488.458 2.1206e+01
488.571 2.1354e+01
488.683 2.1566e+01
488.795 2.1468e+01
488.908 2.1320e+01
489.021 2.1390e+01
489.133 2.1316e+01
489.246 2.1329e+01
489.358 2.1311e+01
489.471 2.1312e+01
489.584 2.1263e+01
489.697 2.1391e+01
489.809 2.1290e+01
489.922 2.1166e+01
490.035 2.1401e+01
490.148 2.1406e+01
490.261 2.1252e+01
490.373 2.1305e+01
490.487 2.1296e+01
490.599 2.1257e+01
490.712 2.1229e+01
490.825 2.1187e+01
490.938 2.1357e+01
491.052 2.1082e+01
491.164 2.1319e+01
491.278 2.1271e+01
491.391 2.1195e+01
491.504 2.1220e+01
491.617 2.1164e+01
491.731 2.1333e+01
491.843 2.1225e+01
491.957 2.1426e+01
492.07 2.1447e+01
492.183 2.1290e+01
492.297 2.1216e+01
492.41 2.1295e+01
492.524 2.1388e+01
492.637 2.1253e+01
492.751 2.1179e+01
492.864 2.1216e+01
492.977 2.1208e+01
493.091 2.1321e+01
493.204 2.1372e+01
493.318 2.1326e+01
493.432 2.1367e+01
493.545 2.1245e+01
493.659 2.1410e+01
493.773 2.1173e+01
493.886 2.1387e+01
494 2.1351e+01
494.114 2.1260e+01
494.228 2.1311e+01
494.342 2.1200e+01
494.456 2.1201e+01
494.569 2.1242e+01
494.683 2.1288e+01
494.797 2.1238e+01
494.911 2.1242e+01
495.025 2.1174e+01
495.139 2.1185e+01
495.253 2.1250e+01
495.367 2.1248e+01
495.481 2.1256e+01
495.595 2.1233e+01
495.709 2.1347e+01
495.823 2.1051e+01
495.938 2.0968e+01
496.052 2.0861e+01
496.166 2.0908e+01
496.281 2.1134e+01
496.394 2.1141e+01
496.509 2.1341e+01
496.623 2.1354e+01
496.738 2.1294e+01
496.852 2.1333e+01
496.966 2.1322e+01
497.081 2.1290e+01
497.195 2.1257e+01
497.31 2.1308e+01
497.424 2.1319e+01
497.539 2.1239e+01
497.653 2.1268e+01
497.768 2.1118e+01
497.883 2.1101e+01
497.997 2.1188e+01
498.112 2.1198e+01
498.227 2.1283e+01
498.342 2.1244e+01
498.456 2.1406e+01
498.571 2.1407e+01
498.686 2.1297e+01
498.801 2.1396e+01
498.916 2.1383e+01
499.031 2.1251e+01
499.146 2.1275e+01
499.26 2.1252e+01
499.375 2.1307e+01
499.491 2.1307e+01
499.605 2.1301e+01
499.721 2.1278e+01
499.836 2.1142e+01
499.951 2.1282e+01
500.066 2.1245e+01
500.181 2.1353e+01
500.296 2.1366e+01
500.411 2.1196e+01
500.527 2.1150e+01
500.642 2.0795e+01
500.757 2.0381e+01
500.872 2.0439e+01
500.988 2.0653e+01
501.103 2.0917e+01
501.218 2.1208e+01
501.334 2.1151e+01
501.449 2.1297e+01
501.565 2.1198e+01
501.68 2.1377e+01
501.796 2.1285e+01
501.911 2.1308e+01
502.027 2.1347e+01
502.143 2.1370e+01
502.258 2.1164e+01
502.374 2.1218e+01
502.489 2.1323e+01
502.605 2.1207e+01
502.721 2.1221e+01
502.837 2.1377e+01
502.953 2.1203e+01
503.068 2.1214e+01
503.184 2.1268e+01
503.3 2.1220e+01
503.416 2.1141e+01
503.532 2.1305e+01
503.648 2.1189e+01
503.764 2.1271e+01
503.88 2.1115e+01
503.996 2.1350e+01
504.112 2.1287e+01
504.228 2.1374e+01
504.344 2.1438e+01
504.46 2.1158e+01
504.577 2.1161e+01
504.693 2.1102e+01
504.809 2.1295e+01
504.925 2.1116e+01
505.042 2.1201e+01
505.158 2.1197e+01
505.274 2.1320e+01
505.391 2.1374e+01
505.507 2.1138e+01
505.623 2.1346e+01
505.739 2.1136e+01
505.856 2.1167e+01
505.973 2.1159e+01
506.089 2.1081e+01
506.206 2.1148e+01
506.322 2.1203e+01
506.439 2.1322e+01
506.556 2.1227e+01
506.672 2.1271e+01
506.789 2.1242e+01
506.906 2.1118e+01
507.022 2.1310e+01
507.139 2.1316e+01
507.256 2.1161e+01
507.373 2.1318e+01
507.489 2.1327e+01
507.606 2.1115e+01
507.723 2.1203e+01
507.84 2.1266e+01
507.957 2.1261e+01
508.074 2.1371e+01
508.191 2.1239e+01
508.308 2.1296e+01
508.425 2.1173e+01
508.542 2.1340e+01
508.659 2.1212e+01
508.776 2.1109e+01
508.894 2.1149e+01
509.011 2.1202e+01
509.128 2.1244e+01
509.245 2.1228e+01
509.362 2.1188e+01
509.48 2.1202e+01
509.597 2.1265e+01
509.714 2.1289e+01
509.832 2.1443e+01
509.949 2.1372e+01
510.067 2.1306e+01
510.184 2.1129e+01
510.302 2.1206e+01
510.419 2.1212e+01
510.537 2.1131e+01
510.654 2.1233e+01
510.772 2.1205e+01
510.889 2.1351e+01
511.007 2.1208e+01
511.125 2.1210e+01
511.242 2.1330e+01
511.361 2.1272e+01
511.478 2.1130e+01
511.596 2.1263e+01
511.714 2.1111e+01
511.831 2.1122e+01
511.949 2.1394e+01
512.067 2.1003e+01
512.185 2.1196e+01
512.303 2.1277e+01
512.421 2.1270e+01
512.539 2.0946e+01
512.657 2.1861e+01
512.775 2.1379e+01
512.893 2.1000e+01
513.012 2.0545e+01
513.129 2.0927e+01
513.248 2.1071e+01
513.366 2.1187e+01
513.484 2.1197e+01
513.602 2.1119e+01
513.721 2.1209e+01
513.839 2.1211e+01
513.957 2.1110e+01
514.076 2.1215e+01
514.194 2.1370e+01
514.313 2.1380e+01
514.431 2.1236e+01
514.549 2.1302e+01
514.668 2.1121e+01
514.786 2.1231e+01
514.905 2.1179e+01
515.023 2.1265e+01
515.142 2.1345e+01
515.261 2.1283e+01
515.379 2.1125e+01
515.498 2.1167e+01
515.617 2.1297e+01
515.736 2.1209e+01
515.854 2.1348e+01
515.973 2.1198e+01
516.092 2.1208e+01
516.211 2.1298e+01
516.329 2.1189e+01
516.448 2.1233e+01
516.567 2.1306e+01
516.686 2.1306e+01
516.806 2.1469e+01
516.924 2.1403e+01
517.043 2.1361e+01
517.163 2.1304e+01
517.282 2.1236e+01
517.401 2.1299e+01
517.52 2.1463e+01
517.639 2.1126e+01
517.758 2.1203e+01
517.877 2.1187e+01
517.997 2.1170e+01
518.116 2.1132e+01
518.236 2.1219e+01
518.354 2.1176e+01
518.474 2.1296e+01
518.593 2.1271e+01
518.713 2.1375e+01
518.832 2.1297e+01
518.952 2.1174e+01
519.071 2.1297e+01
519.191 2.1197e+01
519.311 2.1279e+01
519.43 2.1343e+01
519.549 2.1152e+01
519.669 2.1323e+01
519.789 2.1102e+01
519.909 2.1223e+01
520.028 2.1091e+01
520.148 2.1207e+01
520.268 2.1206e+01
520.388 2.1317e+01
520.508 2.1195e+01
520.627 2.1200e+01
520.747 2.1293e+01
520.867 2.1286e+01
520.987 2.1094e+01
521.107 2.1318e+01
521.227 2.1368e+01
521.347 2.1217e+01
521.467 2.1260e+01
521.587 2.1213e+01
521.707 2.1228e+01
521.828 2.1229e+01
521.948 2.1136e+01
522.068 2.1183e+01
522.188 2.1075e+01
522.308 2.1104e+01
522.429 2.1133e+01
522.549 2.1162e+01
522.669 2.1182e+01
522.789 2.1312e+01
522.91 2.1243e+01
523.031 2.1309e+01
523.151 2.1210e+01
523.272 2.1299e+01
523.392 2.1142e+01
523.513 2.1279e+01
523.633 2.1104e+01
523.754 2.1378e+01
523.874 2.1157e+01
523.994 2.1178e+01
524.116 2.1159e+01
524.236 2.1248e+01
524.357 2.1210e+01
524.478 2.1126e+01
524.598 2.1070e+01
524.719 2.1177e+01
524.84 2.1215e+01
524.961 2.1136e+01
525.082 2.1213e+01
525.203 2.1275e+01
525.324 2.1138e+01
525.445 2.1127e+01
525.566 2.1258e+01
525.687 2.1147e+01
525.808 2.1186e+01
525.929 2.1366e+01
526.05 2.1366e+01
526.171 2.1335e+01
526.292 2.1163e+01
526.413 2.1260e+01
526.534 2.1205e+01
526.656 2.1369e+01
526.777 2.1065e+01
526.898 2.1261e+01
527.02 2.1151e+01
527.141 2.1273e+01
527.263 2.1184e+01
527.384 2.1116e+01
527.506 2.1217e+01
527.627 2.1029e+01
527.748 2.1060e+01
527.87 2.1139e+01
527.992 2.1143e+01
528.113 2.1154e+01
528.234 2.1202e+01
528.357 2.1358e+01
528.478 2.1100e+01
528.6 2.1205e+01
528.722 2.1122e+01
528.843 2.1118e+01
528.965 2.1075e+01
529.087 2.1238e+01
529.209 2.0961e+01
529.331 2.0969e+01
529.453 2.1271e+01
529.574 2.0932e+01
529.697 2.1162e+01
529.818 2.1204e+01
529.94 2.1127e+01
530.062 2.1191e+01
530.184 2.1245e+01
530.307 2.1247e+01
530.429 2.1136e+01
530.551 2.1074e+01
530.673 2.1123e+01
530.795 2.1145e+01
530.917 2.1132e+01
531.039 2.1117e+01
531.162 2.1152e+01
531.284 2.1155e+01
531.407 2.1025e+01
531.529 2.1175e+01
531.652 2.1116e+01
531.774 2.1096e+01
531.896 2.1190e+01
532.019 2.1186e+01
532.141 2.1118e+01
532.264 2.1106e+01
532.387 2.1102e+01
532.509 2.1231e+01
532.632 2.1196e+01
532.754 2.1065e+01
532.877 2.1315e+01
532.999 2.1439e+01
533.123 2.1199e+01
533.245 2.1279e+01
533.368 2.1383e+01
533.491 2.1224e+01
533.614 2.1160e+01
533.737 2.1049e+01
533.859 2.1079e+01
533.983 2.1162e+01
534.106 2.1144e+01
534.228 2.1136e+01
534.352 2.1156e+01
534.474 2.1073e+01
534.598 2.0983e+01
534.721 2.1023e+01
534.844 2.1073e+01
534.967 2.1094e+01
535.091 2.1133e+01
535.213 2.0999e+01
535.337 2.1150e+01
535.46 2.1063e+01
535.583 2.0957e+01
535.707 2.1088e+01
535.83 2.1007e+01
535.953 2.0988e+01
536.077 2.0998e+01
536.2 2.1052e+01
536.324 2.1221e+01
536.447 2.1218e+01
536.571 2.1069e+01
536.694 2.1107e+01
536.818 2.1110e+01
536.942 2.1133e+01
537.065 2.1169e+01
537.189 2.0950e+01
537.312 2.1184e+01
537.436 2.1156e+01
537.56 2.1079e+01
537.684 2.1112e+01
537.808 2.1028e+01
537.931 2.1130e+01
538.056 2.1168e+01
538.179 2.0972e+01
538.303 2.1152e+01
538.427 2.1205e+01
538.551 2.1181e+01
538.675 2.1171e+01
538.799 2.1018e+01
538.923 2.1042e+01
539.047 2.1234e+01
539.172 2.1201e+01
539.296 2.1098e+01
539.42 2.1282e+01
539.544 2.1310e+01
539.668 2.1236e+01
539.793 2.1199e+01
539.917 2.1330e+01
540.041 2.1137e+01
540.166 2.1168e+01
540.29 2.1199e+01
540.414 2.1161e+01
540.539 2.1109e+01
540.663 2.1198e+01
540.788 2.1263e+01
540.913 2.1040e+01
541.037 2.1084e+01
541.162 2.1163e+01
541.286 2.1140e+01
541.411 2.1316e+01
541.536 2.1160e+01
541.66 2.0816e+01
541.785 2.1037e+01
541.91 2.1232e+01
542.034 2.1158e+01
542.159 2.0982e+01
542.284 2.0888e+01
542.409 2.1248e+01
542.534 2.1011e+01
542.659 2.1105e+01
542.784 2.0987e+01
542.909 2.1013e+01
543.034 2.1159e+01
543.159 2.1098e+01
543.284 2.1030e+01
543.409 2.1117e+01
543.534 2.1256e+01
543.659 2.1149e+01
543.785 2.0944e+01
543.91 2.0984e+01
544.036 2.1054e+01
544.161 2.1107e+01
544.286 2.1173e+01
544.411 2.0969e+01
544.537 2.1056e+01
544.662 2.1023e+01
544.787 2.1129e+01
544.913 2.1167e+01
545.038 2.1172e+01
545.163 2.1128e+01
545.289 2.0994e+01
545.415 2.1043e+01
545.541 2.1113e+01
545.666 2.1027e+01
545.792 2.1138e+01
545.917 2.1023e+01
546.043 2.1058e+01
546.169 2.1117e+01
546.294 2.1061e+01
546.421 2.1130e+01
546.546 2.1136e+01
546.672 2.1076e+01
546.798 2.1093e+01
546.924 2.1057e+01
547.05 2.1131e+01
547.176 2.1207e+01
547.302 2.1027e+01
547.428 2.1163e+01
547.554 2.1012e+01
547.68 2.1066e+01
547.806 2.1109e+01
547.932 2.1160e+01
548.058 2.1043e+01
548.185 2.1073e+01
548.311 2.1234e+01
548.437 2.1169e+01
548.564 2.1161e+01
548.69 2.0966e+01
548.816 2.1032e+01
548.943 2.1113e+01
549.069 2.1034e+01
549.196 2.1128e+01
549.322 2.1135e+01
549.448 2.1019e+01
549.575 2.1098e+01
549.702 2.1137e+01
549.828 2.1033e+01
549.955 2.1026e+01
550.082 2.1084e+01
550.208 2.1113e+01
550.335 2.1147e+01
550.462 2.1142e+01
550.588 2.1043e+01
550.715 2.1076e+01
550.842 2.1159e+01
550.969 2.1043e+01
551.096 2.1188e+01
551.223 2.1134e+01
551.35 2.1095e+01
551.477 2.1221e+01
551.603 2.1265e+01
551.731 2.1241e+01
551.858 2.0924e+01
551.985 2.1132e+01
552.112 2.1013e+01
552.239 2.0985e+01
552.366 2.1049e+01
552.493 2.1142e+01
552.621 2.1104e+01
552.748 2.1122e+01
552.875 2.1065e+01
553.002 2.1005e+01
553.13 2.1093e+01
553.257 2.1124e+01
553.384 2.1032e+01
553.512 2.1152e+01
553.639 2.1085e+01
553.767 2.1046e+01
553.894 2.1051e+01
554.022 2.1071e+01
554.149 2.1059e+01
554.277 2.1114e+01
554.405 2.1081e+01
554.532 2.1115e+01
554.661 2.1137e+01
554.788 2.1063e+01
554.916 2.1044e+01
555.043 2.0987e+01
555.171 2.1012e+01
555.299 2.0944e+01
555.427 2.1094e+01
555.555 2.0999e+01
555.683 2.1165e+01
555.811 2.1187e+01
555.939 2.1100e+01
556.067 2.1010e+01
556.195 2.1109e+01
556.323 2.1244e+01
556.451 2.1154e+01
556.579 2.1030e+01
556.707 2.1012e+01
556.836 2.1077e+01
556.964 2.1152e+01
557.092 2.0995e+01
557.22 2.1147e+01
557.349 2.1127e+01
557.477 2.1141e+01
557.606 2.1033e+01
557.734 2.1119e+01
557.862 2.1189e+01
557.991 2.1002e+01
558.119 2.0997e+01
558.248 2.1122e+01
558.376 2.1033e+01
558.505 2.1120e+01
558.633 2.1119e+01
558.762 2.1153e+01
558.891 2.1043e+01
559.019 2.1177e+01
559.148 2.1230e+01
559.277 2.0994e+01
559.406 2.1094e+01
559.534 2.1190e+01
559.663 2.1126e+01
559.792 2.1104e+01
559.921 2.1062e+01
560.051 2.1024e+01
560.179 2.1223e+01
560.308 2.1141e+01
560.437 2.1034e+01
560.567 2.1030e+01
560.696 2.1019e+01
560.824 2.1027e+01
560.954 2.1027e+01
561.083 2.0930e+01
561.212 2.0998e+01
561.341 2.1066e+01
561.471 2.1013e+01
561.6 2.1020e+01
561.729 2.1112e+01
561.858 2.1078e+01
561.988 2.0969e+01
562.117 2.1082e+01
562.247 2.0984e+01
562.377 2.1066e+01
562.506 2.1118e+01
562.635 2.1135e+01
562.765 2.1085e+01
562.894 2.1095e+01
563.024 2.1093e+01
563.154 2.1009e+01
563.284 2.0989e+01
563.413 2.1005e+01
563.543 2.0989e+01
563.673 2.1037e+01
563.802 2.0986e+01
563.932 2.1027e+01
564.062 2.1116e+01
564.192 2.1085e+01
564.322 2.1079e+01
564.452 2.1017e+01
564.582 2.1019e+01
564.712 2.1123e+01
564.842 2.0978e+01
564.972 2.0968e+01
565.102 2.1125e+01
565.232 2.1134e+01
565.362 2.1060e+01
565.493 2.1059e+01
565.623 2.1050e+01
565.753 2.1017e+01
565.883 2.1052e+01
566.014 2.1067e+01
566.144 2.1118e+01
566.274 2.1108e+01
566.405 2.1104e+01
566.535 2.1073e+01
566.666 2.1026e+01
566.796 2.1019e+01
566.927 2.1077e+01
567.057 2.1070e+01
567.188 2.0974e+01
567.318 2.0987e+01
567.449 2.1036e+01
567.58 2.0971e+01
567.711 2.1042e+01
567.842 2.0996e+01
567.972 2.1103e+01
568.103 2.0984e+01
568.234 2.0976e+01
568.364 2.1039e+01
568.496 2.1092e+01
568.626 2.1033e+01
568.757 2.0949e+01
568.888 2.0969e+01
569.019 2.0996e+01
569.151 2.0992e+01
569.281 2.1034e+01
569.413 2.0936e+01
569.543 2.1159e+01
569.675 2.1043e+01
569.806 2.0932e+01
569.937 2.1036e+01
570.068 2.1031e+01
570.199 2.0992e+01
570.331 2.1162e+01
570.462 2.1045e+01
570.594 2.0968e+01
570.725 2.1096e+01
570.857 2.1096e+01
570.988 2.1033e+01
571.119 2.1116e+01
571.251 2.1055e+01
571.383 2.1054e+01
571.514 2.1020e+01
571.646 2.0997e+01
571.777 2.0961e+01
571.909 2.1016e+01
572.041 2.1152e+01
572.173 2.1078e+01
572.304 2.0980e+01
572.436 2.1082e+01
572.568 2.1074e+01
572.7 2.1024e+01
572.832 2.1043e+01
572.963 2.1032e+01
573.096 2.1092e+01
573.227 2.1085e+01
573.359 2.1088e+01
573.492 2.1018e+01
573.624 2.1028e+01
573.756 2.0972e+01
573.888 2.1066e+01
574.02 2.1081e+01
574.152 2.1054e+01
574.284 2.1159e+01
574.417 2.1073e+01
574.549 2.1039e+01
574.681 2.1006e+01
574.813 2.0973e+01
574.946 2.0996e+01
575.078 2.0948e+01
575.211 2.1086e+01
575.343 2.0978e+01
575.476 2.1007e+01
575.608 2.1020e+01
575.741 2.0959e+01
575.873 2.1017e+01
576.006 2.0999e+01
576.139 2.1017e+01
576.271 2.1038e+01
576.404 2.0983e+01
576.537 2.0990e+01
576.669 2.1001e+01
576.802 2.1016e+01
576.935 2.1058e+01
577.068 2.1047e+01
577.201 2.1042e+01
577.334 2.1008e+01
577.467 2.1016e+01
577.599 2.1055e+01
577.733 2.1054e+01
577.866 2.1019e+01
577.999 2.0969e+01
578.132 2.1105e+01
578.265 2.1051e+01
578.398 2.1197e+01
578.531 2.1048e+01
578.664 2.0871e+01
578.798 2.0966e+01
578.931 2.1133e+01
579.064 2.0904e+01
579.198 2.0809e+01
579.331 2.1461e+01
579.464 2.0999e+01
579.598 2.0631e+01
579.732 2.0995e+01
579.865 2.0960e+01
579.998 2.0937e+01
580.132 2.0942e+01
580.266 2.0979e+01
580.399 2.0973e+01
580.533 2.0936e+01
580.667 2.0913e+01
580.801 2.0956e+01
580.934 2.1006e+01
581.068 2.1047e+01
581.202 2.1074e+01
581.336 2.0994e+01
581.469 2.0937e+01
581.603 2.1014e+01
581.737 2.1007e+01
581.871 2.0906e+01
582.006 2.0995e+01
582.139 2.1026e+01
582.274 2.0941e+01
582.408 2.0952e+01
582.542 2.1010e+01
582.676 2.0975e+01
582.81 2.0926e+01
582.944 2.0929e+01
583.078 2.1003e+01
583.213 2.1167e+01
583.347 2.1078e+01
583.481 2.0917e+01
583.616 2.1058e+01
583.75 2.1015e+01
583.884 2.1094e+01
584.019 2.0886e+01
584.154 2.1011e+01
584.288 2.0938e+01
584.422 2.0833e+01
584.557 2.0964e+01
584.692 2.0893e+01
584.827 2.1003e+01
584.961 2.0908e+01
585.096 2.0898e+01
585.231 2.0863e+01
585.365 2.0863e+01
585.5 2.0931e+01
585.635 2.1016e+01
585.77 2.1130e+01
585.904 2.0984e+01
586.04 2.1027e+01
586.174 2.1129e+01
586.309 2.0986e+01
586.444 2.0944e+01
586.579 2.0944e+01
586.715 2.0926e+01
586.85 2.0895e+01
586.985 2.0904e+01
587.12 2.0948e+01
587.255 2.0989e+01
587.391 2.0939e+01
587.526 2.0786e+01
587.661 2.0739e+01
587.797 2.0785e+01
587.932 2.0872e+01
588.067 2.0959e+01
588.203 2.0929e+01
588.338 2.0992e+01
588.473 2.0943e+01
588.609 2.0964e+01
588.744 2.1079e+01
588.881 2.1128e+01
589.016 2.1191e+01
589.151 2.1201e+01
589.287 2.1120e+01
589.423 2.1056e+01
589.559 2.1071e+01
589.694 2.1075e+01
589.831 2.1111e+01
589.966 2.1084e+01
590.102 2.1033e+01
590.238 2.0961e+01
590.373 2.0916e+01
590.509 2.1023e+01
590.646 2.1054e+01
590.782 2.1033e+01
590.918 2.1037e+01
591.053 2.0967e+01
591.19 2.0945e+01
591.326 2.0917e+01
591.462 2.0984e+01
591.598 2.1050e+01
591.735 2.1011e+01
591.871 2.1042e+01
592.007 2.0977e+01
592.143 2.1075e+01
592.28 2.0970e+01
592.416 2.0971e+01
592.553 2.1042e+01
592.689 2.0993e+01
592.826 2.1018e+01
592.962 2.0997e+01
593.099 2.0937e+01
593.235 2.1016e+01
593.372 2.0979e+01
593.508 2.0981e+01
593.646 2.0984e+01
593.782 2.1012e+01
593.919 2.0972e+01
594.056 2.1020e+01
594.192 2.0960e+01
594.329 2.1039e+01
594.466 2.0995e+01
594.603 2.0993e+01
594.74 2.0914e+01
594.877 2.0858e+01
595.014 2.0942e+01
595.151 2.0948e+01
595.288 2.0931e+01
595.425 2.1030e+01
595.562 2.1049e+01
595.699 2.0990e+01
595.837 2.0936e+01
595.973 2.0919e+01
596.111 2.1011e+01
596.248 2.0962e+01
596.386 2.0950e+01
596.523 2.0987e+01
596.66 2.1025e+01
596.798 2.1023e+01
596.935 2.0963e+01
597.072 2.0976e+01
597.21 2.0913e+01
597.347 2.0919e+01
597.485 2.1030e+01
597.622 2.1038e+01
597.761 2.0916e+01
597.898 2.0932e+01
598.036 2.0983e+01
598.173 2.0886e+01
598.311 2.0949e+01
598.449 2.0994e+01
598.587 2.1061e+01
598.724 2.0992e+01
598.862 2.0926e+01
599 2.0939e+01
599.138 2.1010e+01
599.276 2.1096e+01
599.414 2.1042e+01
599.552 2.0941e+01
599.691 2.0982e+01
599.828 2.0924e+01
599.966 2.0989e+01
600.104 2.0905e+01
600.243 2.0960e+01
600.381 2.1044e+01
600.519 2.0973e+01
600.658 2.0908e+01
600.796 2.0922e+01
600.934 2.0995e+01
601.073 2.0977e+01
601.211 2.0976e+01
601.349 2.0923e+01
601.488 2.0987e+01
601.627 2.1035e+01
601.765 2.1064e+01
601.903 2.0984e+01
602.042 2.1002e+01
602.181 2.1084e+01
602.319 2.0948e+01
602.458 2.0943e+01
602.597 2.0998e+01
602.736 2.0894e+01
602.875 2.0918e+01
603.013 2.0956e+01
603.152 2.0941e+01
603.291 2.0886e+01
603.43 2.0903e+01
603.569 2.0951e+01
603.708 2.0906e+01
603.847 2.0911e+01
603.986 2.0891e+01
604.125 2.0868e+01
604.264 2.0899e+01
604.403 2.0919e+01
604.543 2.0907e+01
604.682 2.0987e+01
604.821 2.1004e+01
604.961 2.0907e+01
605.099 2.0966e+01
605.239 2.0916e+01
605.378 2.0948e+01
605.518 2.0900e+01
605.657 2.1072e+01
605.797 2.0984e+01
605.937 2.0985e+01
606.076 2.1000e+01
606.216 2.0973e+01
606.355 2.1008e+01
606.495 2.0989e+01
606.634 2.0954e+01
606.774 2.0952e+01
606.914 2.0928e+01
607.053 2.0963e+01
607.193 2.0914e+01
607.333 2.0916e+01
607.473 2.0991e+01
607.613 2.0923e+01
607.753 2.1040e+01
607.893 2.0980e+01
608.033 2.1001e+01
608.173 2.0882e+01
608.313 2.0995e+01
608.453 2.0974e+01
608.593 2.0972e+01
608.733 2.0915e+01
608.873 2.1023e+01
609.013 2.0966e+01
609.154 2.1003e+01
609.294 2.0953e+01
609.434 2.0888e+01
609.574 2.0949e+01
609.715 2.0913e+01
609.856 2.0879e+01
609.996 2.0982e+01
610.137 2.1022e+01
610.277 2.0954e+01
610.418 2.0961e+01
610.558 2.1055e+01
610.699 2.1017e+01
610.839 2.0892e+01
610.98 2.0923e+01
611.121 2.0949e+01
611.261 2.0904e+01
611.402 2.0956e+01
611.543 2.0893e+01
611.684 2.0903e+01
611.824 2.0945e+01
611.966 2.0966e+01
612.107 2.0977e+01
612.247 2.0965e+01
612.388 2.0993e+01
612.529 2.0956e+01
612.671 2.0898e+01
612.812 2.0946e+01
612.953 2.0949e+01
613.094 2.0947e+01
613.235 2.0943e+01
613.377 2.0873e+01
613.518 2.0997e+01
613.659 2.0930e+01
613.8 2.1001e+01
613.942 2.0971e+01
614.083 2.0969e+01
614.224 2.1064e+01
614.366 2.0998e+01
614.507 2.0971e+01
614.649 2.0957e+01
614.79 2.0904e+01
614.932 2.0904e+01
615.073 2.1018e+01
615.215 2.0972e+01
615.357 2.1017e+01
615.498 2.0879e+01
615.641 2.0877e+01
615.782 2.0914e+01
615.924 2.0902e+01
616.066 2.0916e+01
616.207 2.0901e+01
616.349 2.0981e+01
616.491 2.0977e+01
616.633 2.0955e+01
616.776 2.1051e+01
616.918 2.0962e+01
617.059 2.0963e+01
617.202 2.0933e+01
617.344 2.0909e+01
617.486 2.0974e+01
617.628 2.0978e+01
617.77 2.0873e+01
617.913 2.0921e+01
618.055 2.0955e+01
618.197 2.0948e+01
618.339 2.0886e+01
618.482 2.0960e+01
618.624 2.0907e+01
618.767 2.1069e+01
618.909 2.0901e+01
619.052 2.0973e+01
619.194 2.0927e+01
619.337 2.0993e+01
619.479 2.0902e+01
619.622 2.0936e+01
619.765 2.0936e+01
619.908 2.0968e+01
620.051 2.0984e+01
620.193 2.0936e+01
620.336 2.0927e+01
620.479 2.0974e+01
620.622 2.0982e+01
620.764 2.0935e+01
620.908 2.0985e+01
621.051 2.0895e+01
621.193 2.0878e+01
621.337 2.0944e+01
621.479 2.0958e+01
621.623 2.1033e+01
621.766 2.0901e+01
621.909 2.1033e+01
622.052 2.0872e+01
622.196 2.1021e+01
622.339 2.0923e+01
622.482 2.0984e+01
622.626 2.0969e+01
622.769 2.0954e+01
622.913 2.0987e+01
623.056 2.0936e+01
623.199 2.1016e+01
623.343 2.0939e+01
623.486 2.1030e+01
623.63 2.0984e+01
623.773 2.0959e+01
623.917 2.1010e+01
624.061 2.1002e+01
624.204 2.0933e+01
624.348 2.0909e+01
624.492 2.0937e+01
624.636 2.0961e+01
624.78 2.0966e+01
624.924 2.0947e+01
625.068 2.0934e+01
625.212 2.0991e+01
625.356 2.1053e+01
625.499 2.0931e+01
625.644 2.1035e+01
625.788 2.1031e+01
625.932 2.1083e+01
626.076 2.1011e+01
626.22 2.0886e+01
626.364 2.0932e+01
626.508 2.0886e+01
626.653 2.0926e+01
626.797 2.0953e+01
626.942 2.1000e+01
627.086 2.0936e+01
627.231 2.0906e+01
627.374 2.0915e+01
627.519 2.0940e+01
627.664 2.0833e+01
627.808 2.0923e+01
627.953 2.0852e+01
628.097 2.0913e+01
628.242 2.0892e+01
628.387 2.0965e+01
628.531 2.0889e+01
628.676 2.0960e+01
628.821 2.0953e+01
628.966 2.0858e+01
629.111 2.0911e+01
629.256 2.0917e+01
629.401 2.0922e+01
629.545 2.0935e+01
629.691 2.0878e+01
629.835 2.0868e+01
629.981 2.0834e+01
630.126 2.0722e+01
630.271 2.0844e+01
630.416 2.0794e+01
630.561 2.0965e+01
630.706 2.1016e+01
630.851 2.0878e+01
630.997 2.0988e+01
631.142 2.0913e+01
631.287 2.0917e+01
631.433 2.0883e+01
631.578 2.0921e+01
631.723 2.0999e+01
631.869 2.0947e+01
632.014 2.0842e+01
632.16 2.0895e+01
632.306 2.0967e+01
632.451 2.0960e+01
632.597 2.0900e+01
632.743 2.0948e+01
632.888 2.0820e+01
633.034 2.0891e+01
633.179 2.0927e+01
633.326 2.0858e+01
633.471 2.0882e+01
633.617 2.0898e+01
633.763 2.0884e+01
633.909 2.0856e+01
634.055 2.0923e+01
634.201 2.1000e+01
634.347 2.0950e+01
634.493 2.0889e+01
634.639 2.0903e+01
634.786 2.0918e+01
634.932 2.0830e+01
635.078 2.0856e+01
635.224 2.1007e+01
635.371 2.0881e+01
635.517 2.0961e+01
635.663 2.1017e+01
635.809 2.0908e+01
635.956 2.0998e+01
636.102 2.0939e+01
636.249 2.0852e+01
636.396 2.0809e+01
636.542 2.0874e+01
636.689 2.0863e+01
636.835 2.0789e+01
636.982 2.0962e+01
637.128 2.0843e+01
637.275 2.0935e+01
637.422 2.0861e+01
637.569 2.0845e+01
637.716 2.0833e+01
637.862 2.1022e+01
638.009 2.0834e+01
638.156 2.0901e+01
638.303 2.0841e+01
638.45 2.0862e+01
638.597 2.0852e+01
638.744 2.0934e+01
638.891 2.0998e+01
639.038 2.0880e+01
639.186 2.0804e+01
639.333 2.0919e+01
639.48 2.0913e+01
639.627 2.0920e+01
639.775 2.0885e+01
639.922 2.0906e+01
640.069 2.0973e+01
640.217 2.0949e+01
640.364 2.0909e+01
640.512 2.0900e+01
640.659 2.0867e+01
640.807 2.0913e+01
640.954 2.0937e+01
641.102 2.0862e+01
641.249 2.0898e+01
641.397 2.0945e+01
641.545 2.0961e+01
641.693 2.0895e+01
641.841 2.0764e+01
641.988 2.0790e+01
642.136 2.0842e+01
642.284 2.0916e+01
642.432 2.0948e+01
642.58 2.0872e+01
642.728 2.0848e+01
642.876 2.0873e+01
643.024 2.0876e+01
643.172 2.0902e+01
643.32 2.0904e+01
643.468 2.0950e+01
643.616 2.0934e+01
643.764 2.0891e+01
643.913 2.0910e+01
644.061 2.0834e+01
644.209 2.0858e+01
644.358 2.0809e+01
644.506 2.0915e+01
644.654 2.0807e+01
644.803 2.0819e+01
644.952 2.0881e+01
645.1 2.0894e+01
645.248 2.0933e+01
645.397 2.0859e+01
645.546 2.0897e+01
645.694 2.0940e+01
645.843 2.0926e+01
645.992 2.0919e+01
646.141 2.0863e+01
646.289 2.1015e+01
646.438 2.0932e+01
646.587 2.0916e+01
646.736 2.0913e+01
646.885 2.0847e+01
647.034 2.0904e+01
647.183 2.0944e+01
647.332 2.0898e+01
647.481 2.0867e+01
647.63 2.0906e+01
647.779 2.0864e+01
647.928 2.0907e+01
648.078 2.0889e+01
648.227 2.0835e+01
648.376 2.0848e+01
648.526 2.0881e+01
648.674 2.0875e+01
648.824 2.0846e+01
648.973 2.0838e+01
649.123 2.0923e+01
649.272 2.1006e+01
649.422 2.0941e+01
649.572 2.0941e+01
649.721 2.1020e+01
649.871 2.1011e+01
650.02 2.0903e+01
650.171 2.0893e+01
650.32 2.0889e+01
650.47 2.0841e+01
650.619 2.0902e+01
650.769 2.0835e+01
650.919 2.0868e+01
651.069 2.0848e+01
651.219 2.0928e+01
651.369 2.0811e+01
651.519 2.0847e+01
651.669 2.0838e+01
651.819 2.0889e+01
651.969 2.0888e+01
652.119 2.0873e+01
652.269 2.0907e+01
652.419 2.0896e+01
652.57 2.0817e+01
652.72 2.0912e+01
652.871 2.0879e+01
653.021 2.0878e+01
653.171 2.0899e+01
653.322 2.0883e+01
653.472 2.0857e+01
653.623 2.0864e+01
653.773 2.0850e+01
653.923 2.0895e+01
654.074 2.0881e+01
654.224 2.0874e+01
654.376 2.0892e+01
654.526 2.0835e+01
654.677 2.0688e+01
654.828 2.0357e+01
654.978 2.0245e+01
655.129 2.0434e+01
655.28 2.0710e+01
655.431 2.0764e+01
655.582 2.0972e+01
655.733 2.0951e+01
655.884 2.0935e+01
656.035 2.0399e+01
656.186 1.9381e+01
656.337 1.8646e+01
656.488 1.8477e+01
656.639 1.8880e+01
656.791 1.9796e+01
656.942 2.0543e+01
657.093 2.0917e+01
657.244 2.0919e+01
657.396 2.0872e+01
657.547 2.0884e+01
657.699 2.0883e+01
657.85 2.0924e+01
658.002 2.0794e+01
658.153 2.0523e+01
658.305 1.9951e+01
658.456 1.9484e+01
658.608 1.9568e+01
658.759 2.0059e+01
658.912 2.0643e+01
659.063 2.0793e+01
659.215 2.0869e+01
659.367 2.0878e+01
659.518 2.0848e+01
659.671 2.0851e+01
659.822 2.0968e+01
659.974 2.0903e+01
660.126 2.0843e+01
660.278 2.0828e+01
660.431 2.0906e+01
660.582 2.0932e+01
660.734 2.0861e+01
660.887 2.0937e+01
661.039 2.0845e+01
661.191 2.0928e+01
661.343 2.0841e+01
661.496 2.0886e+01
661.648 2.0905e+01
661.801 2.0878e+01
661.953 2.0857e+01
662.106 2.0887e+01
662.258 2.0819e+01
662.411 2.0834e+01
662.563 2.0883e+01
662.715 2.0916e+01
662.868 2.0864e+01
663.021 2.0879e+01
663.173 2.0844e+01
663.326 2.0777e+01
663.479 2.0885e+01
663.632 2.0857e+01
663.784 2.0849e+01
663.937 2.0751e+01
664.09 2.0759e+01
664.243 2.0883e+01
664.396 2.0882e+01
664.549 2.0836e+01
664.702 2.0889e+01
664.855 2.0868e+01
665.008 2.0871e+01
665.161 2.0857e+01
665.314 2.0874e+01
665.468 2.0812e+01
665.621 2.0783e+01
665.774 2.1019e+01
665.927 2.0788e+01
666.081 2.0828e+01
666.234 2.0807e+01
666.388 2.0652e+01
666.541 2.0788e+01
666.695 2.0813e+01
666.848 2.0877e+01
667.002 2.0802e+01
667.156 2.0808e+01
667.309 2.0844e+01
667.463 2.0854e+01
667.616 2.0858e+01
667.77 2.0824e+01
667.924 2.0777e+01
668.078 2.0833e+01
668.232 2.0809e+01
668.386 2.0840e+01
668.539 2.0825e+01
668.693 2.0808e+01
668.847 2.0733e+01
669.001 2.0682e+01
669.155 2.0632e+01
669.309 2.0760e+01
669.463 2.0850e+01
669.618 2.0748e+01
669.772 2.0941e+01
669.927 2.0776e+01
670.081 2.0794e+01
670.234 2.0868e+01
670.389 2.0868e+01
670.543 2.0986e+01
670.698 2.0793e+01
670.852 2.0797e+01
671.007 2.0810e+01
671.162 2.0766e+01
671.316 2.0775e+01
671.471 2.0487e+01
671.625 2.0038e+01
671.78 1.9783e+01
671.934 1.9863e+01
672.089 2.0318e+01
672.244 2.0756e+01
672.399 2.0834e+01
672.554 2.0692e+01
672.708 2.0917e+01
672.864 2.0479e+01
673.018 2.0277e+01
673.173 2.0051e+01
673.328 2.0038e+01
673.484 2.0297e+01
673.639 2.0791e+01
673.793 2.0726e+01
673.949 2.0947e+01
674.104 2.0794e+01
674.259 2.0821e+01
674.414 2.0846e+01
674.57 2.0743e+01
674.726 2.0846e+01
674.881 2.0777e+01
675.036 2.0880e+01
675.192 2.0731e+01
675.347 2.0755e+01
675.502 2.0840e+01
675.658 2.0843e+01
675.814 2.0814e+01
675.969 2.0932e+01
676.125 2.0788e+01
676.281 2.0832e+01
676.437 2.0751e+01
676.592 2.0902e+01
676.748 2.0872e+01
676.904 2.0853e+01
677.059 2.0781e+01
677.216 2.0826e+01
677.372 2.0816e+01
677.528 2.0905e+01
677.683 2.0820e+01
677.84 2.0715e+01
677.996 2.0820e+01
678.152 2.0777e+01
678.308 2.0780e+01
678.464 2.0848e+01
678.621 2.0800e+01
678.777 2.0912e+01
678.933 2.0892e+01
679.089 2.0764e+01
679.246 2.0844e+01
679.402 2.0836e+01
679.559 2.0862e+01
679.716 2.1011e+01
679.872 2.0790e+01
680.028 2.0874e+01
680.185 2.0915e+01
680.341 2.0802e+01
680.498 2.0748e+01
680.655 2.0859e+01
680.812 2.0633e+01
680.968 2.0962e+01
681.126 2.0943e+01
681.282 2.0781e+01
681.439 2.0913e+01
681.596 2.0841e+01
681.753 2.0826e+01
681.91 2.0818e+01
682.067 2.0821e+01
682.224 2.0737e+01
682.381 2.0859e+01
682.538 2.0774e+01
682.696 2.0829e+01
682.853 2.0746e+01
683.01 2.0850e+01
683.167 2.0780e+01
683.324 2.0877e+01
683.482 2.0776e+01
683.639 2.0861e+01
683.797 2.0869e+01
683.954 2.0825e+01
684.112 2.0839e+01
684.269 2.0741e+01
684.427 2.0871e+01
684.584 2.0896e+01
684.742 2.0829e+01
684.9 2.0774e+01
685.057 2.0724e+01
685.215 2.0827e+01
685.373 2.0811e+01
685.531 2.0826e+01
685.689 2.0851e+01
685.847 2.0843e+01
686.004 2.0924e+01
686.162 2.0823e+01
686.321 2.0800e+01
686.478 2.0890e+01
686.637 2.0913e+01
686.794 2.0792e+01
686.953 2.0779e+01
687.111 2.0775e+01
687.269 2.0884e+01
687.428 2.0862e+01
687.586 2.0754e+01
687.744 2.0762e+01
687.903 2.0771e+01
688.061 2.0789e+01
688.219 2.0712e+01
688.378 2.0861e+01
688.537 2.0801e+01
688.695 2.0795e+01
688.854 2.0830e+01
689.012 2.0666e+01
689.171 2.0787e+01
689.329 2.0698e+01
689.488 2.0791e+01
689.647 2.0771e+01
689.806 2.0737e+01
689.965 2.0842e+01
690.124 2.0847e+01
690.283 2.0767e+01
690.442 2.0763e+01
690.601 2.0785e+01
690.76 2.0790e+01
690.919 2.0762e+01
691.078 2.0838e+01
691.237 2.0730e+01
691.396 2.0875e+01
691.556 2.0817e+01
691.714 2.0738e+01
691.874 2.0972e+01
692.033 2.0521e+01
692.193 2.0816e+01
692.352 2.0794e+01
692.512 2.0728e+01
692.671 2.0754e+01
692.831 2.0811e+01
692.99 2.0813e+01
693.149 2.0849e+01
693.309 2.0803e+01
693.469 2.0818e+01
693.629 2.0765e+01
693.788 2.0788e+01
693.948 2.0760e+01
694.108 2.0798e+01
694.268 2.0813e+01
694.428 2.0768e+01
694.587 2.0811e+01
694.748 2.0828e+01
694.907 2.0822e+01
695.067 2.0825e+01
695.228 2.0796e+01
695.388 2.0817e+01
695.548 2.0775e+01
695.708 2.0687e+01
695.868 2.0754e+01
696.028 2.0726e+01
696.189 2.0909e+01
696.349 2.0766e+01
696.509 2.0840e+01
696.67 2.0779e+01
696.83 2.0792e+01
696.991 2.0712e+01
697.151 2.0683e+01
697.312 2.0837e+01
697.472 2.0711e+01
697.633 2.1005e+01
697.794 2.0771e+01
697.954 2.0937e+01
698.115 2.0804e+01
698.276 2.0895e+01
698.437 2.0822e+01
698.597 2.0671e+01
698.758 2.0782e+01
698.919 2.0551e+01
699.08 2.0985e+01
699.241 2.0684e+01
699.402 2.0810e+01
699.563 2.0846e+01
699.724 2.0719e+01
699.886 2.0645e+01
700.047 2.0880e+01
700.208 2.0827e+01
700.369 2.0897e+01
700.531 2.0802e+01
700.692 2.0695e+01
700.853 2.0882e+01
701.014 2.0752e+01
701.176 2.0916e+01
701.337 2.0709e+01
701.499 2.0861e+01
701.661 2.0740e+01
701.822 2.0788e+01
701.984 2.0960e+01
702.145 2.0764e+01
702.307 2.0817e+01
702.468 2.0766e+01
702.631 2.0779e+01
702.792 2.0813e+01
702.954 2.0766e+01
703.116 2.0817e+01
703.278 2.0662e+01
703.44 2.0760e+01
703.602 2.0820e+01
703.764 2.0849e+01
703.926 2.0765e+01
704.088 2.0805e+01
704.25 2.0797e+01
704.412 2.0837e+01
704.574 2.0721e+01
704.737 2.0772e+01
704.899 2.0821e+01
705.062 2.0727e+01
705.224 2.0785e+01
705.386 2.0829e+01
705.548 2.0808e+01
705.711 2.0725e+01
705.873 2.0789e+01
706.036 2.0818e+01
706.199 2.0812e+01
706.362 2.0778e+01
706.524 2.0813e+01
706.687 2.0660e+01
706.849 2.0721e+01
707.012 2.0864e+01
707.175 2.0748e+01
707.338 2.0730e+01
707.501 2.0761e+01
707.664 2.0721e+01
707.827 2.0858e+01
707.99 2.0833e+01
708.153 2.0673e+01
708.316 2.0794e+01
708.479 2.0835e+01
708.642 2.0811e+01
708.806 2.0809e+01
708.969 2.0858e+01
709.132 2.0880e+01
709.295 2.0522e+01
709.459 2.0950e+01
709.622 2.0627e+01
709.786 2.0666e+01
709.949 2.0906e+01
710.112 2.0823e+01
710.276 2.0764e+01
710.439 2.0881e+01
710.603 2.0869e+01
710.767 2.0737e+01
710.931 2.0730e+01
711.094 2.0833e+01
711.258 2.0779e+01
711.422 2.0703e+01
711.585 2.0777e+01
711.749 2.0798e+01
711.913 2.0791e+01
712.077 2.0869e+01
712.241 2.0725e+01
712.405 2.0810e+01
712.569 2.0818e+01
712.733 2.0677e+01
712.897 2.0702e+01
713.062 2.0837e+01
713.226 2.0743e+01
713.39 2.0845e+01
713.554 2.0696e+01
713.718 2.0502e+01
713.883 2.0743e+01
714.047 2.0730e+01
714.212 2.0710e+01
714.376 2.0827e+01
714.541 2.0837e+01
714.706 2.0817e+01
714.87 2.0801e+01
715.034 2.0833e+01
715.199 2.0798e+01
715.364 2.0830e+01
715.529 2.0686e+01
715.693 2.0784e+01
715.858 2.0736e+01
716.023 2.0790e+01
716.188 2.0760e+01
716.353 2.0743e+01
716.518 2.0821e+01
716.683 2.0748e+01
716.848 2.0410e+01
717.013 2.0825e+01
717.178 2.0657e+01
717.343 2.0745e+01
717.508 2.0846e+01
717.673 2.0850e+01
717.839 2.0822e+01
718.004 2.0826e+01
718.169 2.0763e+01
718.335 2.0761e+01
718.5 2.0829e+01
718.666 2.0891e+01
718.831 2.0819e+01
718.997 2.0737e+01
719.162 2.1108e+01
719.328 2.0313e+01
719.494 2.0684e+01
719.659 2.0735e+01
719.825 2.0730e+01
719.991 2.0797e+01
720.157 2.0784e+01
720.322 2.0711e+01
720.488 2.0845e+01
720.654 2.0734e+01
720.82 2.0831e+01
720.986 2.0759e+01
721.152 2.0930e+01
721.318 2.0846e+01
721.484 2.0742e+01
721.651 2.0839e+01
721.817 2.0712e+01
721.983 2.0832e+01
722.149 2.0901e+01
